image_width: 640
image_height: 480
camera_name: ""
camera_matrix:
  rows: 3
  cols: 3
  data: [527.8869068647631, 0, 321.7148665756361, 0, 524.7942507494529, 230.2819198622499, 0, 0, 1]
distortion_model: plumb_bob
distortion_coefficients:
  rows: 1
  cols: 5
  data: [0, 0, 0, 0, 0]
rectification_matrix:
  rows: 3
  cols: 3
  data: [1, 0, 0, 0, 1, 0, 0, 0, 1]
projection_matrix:
  rows: 3
  cols: 4
  data: [527.8869068647631, 0, 321.7148665756361, 0, 0, 524.7942507494529, 230.2819198622499, 0, 0, 0, 1, 0]